162
131
209
21
69
10
33
212
158
153
199
21
69
20
117
216
150
159
219
21
65
89
32
216
146
214
198
64
73
29
58
198
146
214
215
84
77
9
52
219
155
151
148
91
65
26
60
218
157
151
216
21
69
89
60
219
135
147
198
91
65
26
60
218
157
151
216
21
67
22
59
193
129
151
148
84
0
9
60
199
146
130
213
71
73
24
121
149
157
151
148
68
85
24
57
149
131
147
218
84
83
89
48
149
158
131
216
65
65
10
117
209
129
151
215
90
78
16
52
219
146
133
148
67
69
20
117
198
150
152
208
90
0
24
37
217
154
149
213
81
65
10
121
149
131
147
216
90
83
89
166
199
148
21
219
70
0
31
60
198
144
151
216
92
90
24
49
218
129
147
199
21
67
22
56
197
150
130
209
91
84
28
38
153
211
151
148
81
69
23
32
219
144
159
213
81
79
10
117
208
211
147
218
68
85
24
49
199
146
146
219
70
0
29
48
149
150
133
210
80
82
24
38
149
150
214
196
84
80
144
60
198
211
133
219
86
73
24
60
198
211
153
199
21
77
24
60
198
211
128
213
71
73
24
49
218
128
218
148
91
65
89
36
192
146
154
148
65
65
16
38
149
150
152
197
64
65
29
39
212
158
147
218
65
79
10
121
149
157
153
148
86
65
10
58
149
151
153
148
70
79
31
33
194
146
132
209
25
0
10
48
149
146
155
196
84
82
24
56
149
157
151
148
92
78
28
45
220
128
130
94
91
67
16
52
149
151
147
148
81
79
26
32
216
150
152
192
84
199
154
58
149
146
146
209
68
85
24
49
212
223
214
208
90
67
12
56
208
157
130
213
210
195
22
117
214
134
156
219
21
67
22
59
221
150
149
221
88
69
23
33
218
223
214
218
90
0
26
52
198
156
214
209
88
0
13
48
217
146
218
148
90
0
24
32
193
156
132
148
81
69
10
33
212
211
151
83
214
79
89
37
217
150
159
192
80
73
24
117
197
146
132
213
21
83
16
117
208
211
134
213
71
65
89
38
208
134
133
148
69
65
11
48
198
223
214
209
88
0
22
55
208
151
159
94
91
67
16
52
149
146
153
148
81
73
10
37
218
128
130
219
21
78
24
117
217
150
159
148
13
17
72
103
149
150
214
209
88
0
11
48
197
9
146
221
90
0
153
117
199
150
133
196
90
78
10
52
215
154
154
221
79
65
158
182
218
211
133
219
89
73
29
180
199
154
151
148
69
79
11
117
208
133
147
218
65
85
24
60
198
211
159
216
216
67
16
33
218
128
205

